EAN13_09_0001,61,177,259,199,228,323,54,331,EAN13
EAN13_09_0002,83,204,316,203,299,328,81,325,EAN13
EAN13_09_0003,108,98,303,85,311,239,109,248,EAN13
EAN13_09_0004,81,277,241,285,228,488,68,484,EAN13
EAN13_09_0005,93,191,317,198,301,365,97,354,EAN13
EAN13_09_0006,91,220,259,205,262,321,100,330,EAN13
EAN13_09_0007,90,52,309,44,306,349,115,349,EAN13
EAN13_09_0008,95,237,196,235,203,395,112,394,EAN13
EAN13_09_0009,142,93,331,99,322,250,139,237,EAN13
EAN13_09_0010,116,201,268,214,266,457,102,456,EAN13
EAN13_09_0011,103,191,302,190,304,342,106,336,EAN13
EAN13_09_0012,272,87,330,87,330,272,272,273,EAN13
EAN13_09_0015,258,118,336,117,338,298,259,298,EAN13
EAN13_09_0016,250,133,333,131,334,315,250,316,EAN13
EAN13_09_0017,278,108,362,109,357,291,278,289,EAN13
EAN13_09_0018,266,86,351,85,348,277,266,279,EAN13
EAN13_09_0019,84,191,300,190,307,285,85,288,EAN13
EAN13_09_0020,129,53,359,81,350,248,102,224,EAN13
EAN13_09_0021,75,242,319,276,308,344,76,303,EAN13
EAN13_09_0022,136,77,319,106,293,233,131,209,EAN13
EAN13_09_0024,129,255,253,260,244,481,122,479,EAN13
EAN13_09_0025,70,232,349,233,343,384,70,382,EAN13
EAN13_09_0026,86,146,248,158,234,367,92,361,EAN13
EAN13_09_0027,155,73,396,64,391,247,166,248,EAN13
EAN13_09_0028,98,85,292,89,281,212,99,204,EAN13
EAN13_09_0029,139,43,310,49,315,306,137,301,EAN13
EAN13_09_0030,78,98,310,90,315,216,75,221,EAN13
EAN13_09_0031,104,73,323,82,321,163,100,156,EAN13
EAN13_09_0032,51,113,275,107,277,190,50,198,EAN13
EAN13_09_0033,79,200,221,202,224,414,63,402,EAN13
EAN13_09_0034,51,79,270,96,259,265,37,252,EAN13
EAN13_09_0035,59,51,345,50,352,285,52,288,EAN13
EAN13_09_0036,149,92,364,100,355,268,149,261,EAN13
EAN13_09_0037,111,90,357,99,355,193,104,185,EAN13
EAN13_09_0038,142,153,329,167,323,259,132,244,EAN13
EAN13_09_0039,76,65,278,64,284,202,85,210,EAN13
EAN13_09_0040,90,222,241,216,251,418,96,422,EAN13
EAN13_09_0041,83,189,237,187,235,395,85,396,EAN13
EAN13_09_0042,69,68,262,76,257,203,68,199,EAN13
EAN13_09_0043,99,163,268,178,256,284,82,262,EAN13
EAN13_09_0044,93,169,232,171,205,451,65,420,EAN13
EAN13_09_0045,52,218,274,228,269,365,46,355,EAN13
EAN13_09_0046,262,55,386,52,383,325,266,325,EAN13
EAN13_09_0047,142,89,371,99,354,323,136,310,EAN13
EAN13_09_0048,66,256,286,250,293,401,68,406,EAN13
EAN13_09_0049,78,254,264,250,266,330,82,334,EAN13
EAN13_09_0050,144,127,305,142,282,335,132,324,EAN13
EAN13_09_0051,53,103,281,104,281,217,51,221,EAN13
EAN13_09_0052,112,40,311,39,312,175,113,176,EAN13
EAN13_09_0053,110,86,315,103,314,359,104,358,EAN13
EAN13_09_0054,78,161,282,169,270,313,79,295,EAN13
EAN13_09_0055,139,140,221,132,220,265,141,263,EAN13
EAN13_09_0056,131,173,252,177,248,353,130,350,EAN13
EAN13_09_0057,94,215,215,211,217,390,95,391,EAN13
EAN13_09_0058,103,224,212,218,223,432,114,438,EAN13
EAN13_09_0059,50,167,241,166,234,419,52,417,EAN13
EAN13_09_0060,100,239,287,247,281,380,94,367,EAN13
EAN13_09_0061,164,83,511,85,511,297,164,315,EAN13
EAN13_09_0062,238,58,324,65,335,286,228,280,EAN13
EAN13_09_0063,135,119,372,121,372,312,129,308,EAN13
EAN13_09_0064,110,73,334,73,334,245,107,247,EAN13
EAN13_09_0065,75,72,344,74,343,280,75,280,EAN13
EAN13_09_0066,141,95,239,93,244,258,146,262,EAN13
EAN13_09_0067,112,29,259,26,259,240,124,241,EAN13
EAN13_09_0068,148,84,322,76,321,210,146,211,EAN13
EAN13_09_0070,148,188,323,197,315,425,141,427,EAN13
EAN13_09_0071,53,277,310,273,310,377,59,379,EAN13
EAN13_09_0072,63,185,223,175,238,384,80,394,EAN13
EAN13_09_0073,64,175,176,175,176,351,64,351,EAN13
EAN13_09_0074,87,118,334,131,329,244,79,231,EAN13
EAN13_09_0075,141,44,294,55,280,245,135,241,EAN13
EAN13_09_0076,99,84,349,90,338,266,103,267,EAN13
EAN13_09_0077,133,156,245,155,243,381,132,377,EAN13
EAN13_09_0078,166,117,365,151,355,249,146,217,EAN13
EAN13_09_0079,51,248,269,240,271,413,40,416,EAN13
EAN13_09_0080,59,206,282,221,273,362,41,349,EAN13
EAN13_09_0081,56,204,222,191,233,416,67,414,EAN13
EAN13_09_0082,54,215,234,206,245,448,60,448,EAN13
EAN13_09_0083,38,143,245,143,244,423,35,411,EAN13
EAN13_09_0084,101,73,391,82,375,256,100,239,EAN13
EAN13_09_0085,116,75,394,92,380,258,116,223,EAN13
EAN13_09_0087,55,349,270,346,267,473,59,482,EAN13
EAN13_09_0088,114,1,356,0,345,410,92,404,EAN13
EAN13_09_0089,90,109,320,118,314,208,85,199,EAN13
EAN13_09_0090,93,75,298,81,296,170,87,162,EAN13
EAN13_09_0091,115,70,405,87,401,166,108,146,EAN13
EAN13_09_0092,181,72,356,73,354,299,175,293,EAN13
EAN13_09_0093,116,234,319,239,319,284,113,277,EAN13
EAN13_09_0094,92,228,273,230,271,351,87,345,EAN13
EAN13_09_0095,184,86,341,74,356,337,192,348,EAN13
EAN13_09_0096,83,117,369,199,330,300,51,233,EAN13
EAN13_09_0097,97,216,193,218,183,452,86,443,EAN13
EAN13_09_0098,50,0,328,0,329,380,49,381,EAN13
EAN13_09_0099,163,71,252,70,251,318,167,323,EAN13
EAN13_09_0100,163,126,247,132,247,289,159,291,EAN13
Excise_stamp_0002,139,330,182,328,189,432,147,433,PDF417,142,255,171,255,172,282,143,284,DataMatrix
Excise_stamp_0004,112,68,153,68,153,109,112,109,DataMatrix,370,51,375,110,225,118,225,58,PDF417
Excise_stamp_0007,187,174,336,174,336,232,187,232,PDF417,72,179,131,179,132,224,73,224,DataMatrix
Excise_stamp_0014,326,108,365,108,365,148,325,146,DataMatrix,135,80,241,88,238,146,131,140,PDF417
Excise_stamp_0015,368,137,405,137,407,176,369,176,DataMatrix,291,129,295,188,191,193,189,133,PDF417
Excise_stamp_0016,264,109,266,162,167,167,165,111,PDF417,391,113,391,151,351,151,351,114,DataMatrix
Excise_stamp_0018,185,118,298,125,295,171,183,165,PDF417,348,137,381,139,378,170,345,168,DataMatrix
Excise_stamp_0020,353,119,385,118,389,151,358,151,DataMatrix,189,104,283,106,286,160,189,160,PDF417
Excise_stamp_0022,141,136,178,137,179,174,141,174,DataMatrix,256,129,365,133,362,194,254,187,PDF417
Excise_stamp_0024,162,159,280,159,280,208,162,208,PDF417,361,169,361,201,328,201,328,169,DataMatrix
Excise_stamp_0025,151,234,187,234,187,320,151,320,PDF417,156,170,180,170,180,194,156,194,DataMatrix
Excise_stamp_0026,200,142,200,174,167,171,170,142,DataMatrix,157,220,202,223,194,325,151,323,PDF417
Excise_stamp_0028,144,127,269,127,269,179,144,179,PDF417,362,137,362,171,328,171,328,137,DataMatrix
Excise_stamp_0029,146,137,145,177,105,177,105,137,DataMatrix,341,129,341,191,232,188,232,130,PDF417
Excise_stamp_0030,157,124,159,167,114,167,112,124,DataMatrix,375,112,375,181,255,179,253,114,PDF417
Excise_stamp_0031,164,123,198,124,198,157,163,156,DataMatrix,270,122,364,127,362,178,269,174,PDF417
Excise_stamp_0032,312,121,343,121,343,153,312,153,DataMatrix,258,119,260,163,151,167,149,123,PDF417
Excise_stamp_0033,235,110,326,110,326,148,235,148,PDF417,167,116,192,116,192,140,167,140,DataMatrix
Excise_stamp_0034,136,80,169,81,167,111,134,111,DataMatrix,222,75,334,78,335,122,223,119,PDF417
Excise_stamp_0035,183,121,183,152,140,152,140,121,DataMatrix,316,116,316,156,219,158,219,116,PDF417,313,209,306,224,235,227,239,212,EAN13
Excise_stamp_0036,247,117,328,124,326,157,245,150,PDF417,190,118,214,119,213,143,189,142,DataMatrix
Excise_stamp_0037,239,145,333,149,327,186,236,183,PDF417,169,146,197,148,195,174,166,173,DataMatrix,250,221,322,221,314,231,245,231,EAN13
Excise_stamp_0038,332,117,369,117,369,151,332,151,DataMatrix,256,106,256,158,161,159,161,106,PDF417
Excise_stamp_0039,283,140,283,206,168,206,168,141,PDF417,415,155,415,198,371,198,371,155,DataMatrix
Excise_stamp_0040,127,97,240,102,239,163,124,161,PDF417,328,116,369,119,367,158,327,156,DataMatrix
Excise_stamp_0041,137,318,170,318,170,352,137,352,DataMatrix,186,163,183,250,136,249,137,162,PDF417
Excise_stamp_0042,196,149,197,246,141,249,138,149,PDF417,189,323,189,362,151,362,151,323,DataMatrix
Excise_stamp_0043,176,167,176,246,130,246,130,167,PDF417,168,312,168,343,136,343,136,312,DataMatrix
Excise_stamp_0044,172,228,197,226,197,286,172,287,PDF417,192,181,192,199,173,200,173,181,DataMatrix
Excise_stamp_0045,177,90,260,92,260,138,175,136,PDF417,349,103,349,134,319,133,319,103,DataMatrix
Excise_stamp_0047,314,107,356,107,356,140,314,140,DataMatrix,156,96,276,99,276,147,156,146,PDF417
Excise_stamp_0048,175,248,210,248,206,340,170,338,PDF417,182,189,207,189,207,214,182,213,DataMatrix
Excise_stamp_0050,174,82,273,84,273,141,172,140,PDF417,388,96,388,134,350,134,350,96,DataMatrix
Excise_stamp_0051,354,76,399,76,399,120,354,120,DataMatrix,262,60,261,126,147,126,147,60,PDF417
Excise_stamp_0052,242,91,340,91,340,132,242,130,PDF417,204,91,204,121,166,121,166,91,DataMatrix
Excise_stamp_0054,265,81,377,85,376,131,264,128,PDF417,172,82,217,83,217,117,172,115,DataMatrix,324,185,404,188,392,214,317,211,EAN13
Excise_stamp_0055,171,86,203,86,203,118,171,118,DataMatrix,253,81,364,84,364,129,254,126,PDF417
QR-photo_26_0001,116,250,175,251,174,312,114,310,QRCode
QR-photo_26_0002,384,141,440,141,440,197,384,197,QRCode
QR-photo_26_0003,339,152,405,152,405,218,339,218,QRCode
QR-photo_26_0004,450,204,450,256,396,256,396,204,QRCode
QR-photo_26_0005,280,92,349,92,349,161,280,161,QRCode
QR-photo_26_0006,223,154,226,228,150,230,147,156,QRCode
QR-photo_26_0007,71,193,193,193,193,316,72,319,QRCode
QR-photo_26_0008,235,145,332,145,332,246,234,246,QRCode
QR-photo_26_0009,158,230,232,230,232,303,158,303,QRCode
QR-photo_26_0010,89,79,201,77,202,188,90,192,QRCode
QR-photo_26_0011,140,79,140,174,42,174,42,79,QRCode
QR-photo_26_0012,41,187,127,187,127,271,41,271,QRCode
QR-photo_26_0013,124,215,124,294,44,294,44,215,QRCode
QR-photo_26_0014,55,111,235,111,235,291,57,291,QRCode
QR-photo_26_0015,170,130,170,172,128,172,128,130,QRCode
QR-photo_26_0016,143,6,191,6,191,55,143,55,QRCode
QR-photo_26_0018,154,215,153,267,96,266,94,215,QRCode
QR-photo_26_0019,167,180,165,277,63,276,54,180,QRCode
QR-photo_26_0021,58,168,212,176,196,313,58,310,QRCode
QR-photo_26_0022,303,83,374,81,374,149,303,149,QRCode
QR-photo_26_0023,429,203,478,203,478,251,429,251,QRCode
QR-photo_26_0024,431,138,453,194,394,213,372,156,QRCode
QR-photo_26_0025,40,281,108,281,108,348,40,348,QRCode
QR-photo_26_0026,25,385,87,385,87,443,25,443,QRCode
QR-photo_26_0027,21,277,97,277,97,352,21,352,QRCode
QR-photo_26_0028,171,118,254,118,254,195,171,195,QRCode
QR-photo_26_0029,331,166,406,165,402,238,331,238,QRCode
QR-photo_26_0030,25,66,97,66,97,139,25,139,QRCode
QR-photo_26_0031,196,103,268,105,264,179,194,179,QRCode
QR-photo_26_0032,199,89,259,89,258,152,199,152,QRCode
QR-photo_26_0033,43,205,173,205,175,328,50,331,QRCode
QR-photo_26_0034,187,109,247,109,247,169,187,169,QRCode
QR-photo_26_0035,170,196,241,196,241,263,170,263,QRCode
QR-photo_26_0036,403,216,450,216,450,265,403,265,QRCode
QR-photo_26_0037,385,57,452,57,452,126,385,124,QRCode
QR-photo_26_0038,345,30,430,30,430,114,345,114,QRCode
QR-photo_26_0039,126,16,174,16,174,63,126,63,QRCode
QR-photo_26_0040,47,317,101,316,103,366,48,371,QRCode
QR-photo_26_0041,251,123,292,123,292,164,251,164,QRCode
QR-photo_26_0042,239,131,238,180,189,180,189,131,QRCode
QR-photo_26_0043,329,150,365,150,365,184,329,184,QRCode
QR-photo_26_0044,427,193,427,241,376,241,376,193,QRCode
QR-photo_26_0045,347,190,393,194,394,238,345,232,QRCode
QR-photo_26_0046,394,191,433,193,428,234,390,232,QRCode
QR-photo_26_0047,367,118,369,145,338,148,337,121,QRCode
QR-photo_26_0048,378,176,380,211,345,212,342,177,QRCode
QR-photo_26_0049,396,161,396,193,363,192,363,161,QRCode
QR-photo_26_0050,372,189,400,189,400,217,372,217,QRCode
QR-photo_26_0051,360,164,391,164,391,195,360,195,QRCode
QR-photo_26_0052,386,139,400,177,354,179,344,141,QRCode
QR-photo_26_0053,117,416,257,410,254,494,117,505,EAN13,158,314,213,314,213,371,158,372,QRCode
QR-photo_26_0054,465,203,465,242,426,242,426,203,QRCode
QR-photo_26_0055,163,93,163,167,84,169,81,93,QRCode
QR-photo_26_0056,156,85,258,91,257,194,155,192,QRCode
QR-photo_26_0057,160,84,257,87,257,186,158,185,QRCode
QR-photo_26_0058,202,119,285,119,285,202,202,202,QRCode
QR-photo_26_0059,172,99,245,99,245,173,172,173,QRCode
QR-photo_26_0060,219,97,219,189,129,189,129,97,QRCode
QR-photo_26_0061,273,122,358,122,358,208,273,208,QRCode
QR-photo_26_0062,279,104,360,104,360,186,279,187,QRCode
QR-photo_26_0063,243,114,243,186,172,186,172,114,QRCode
QR-photo_26_0064,191,102,267,111,254,191,178,178,QRCode
QR-photo_26_0065,181,109,260,117,248,200,170,189,QRCode
QR-photo_26_0066,175,128,264,130,261,218,172,218,QRCode
QR-photo_26_0067,182,129,262,129,262,210,182,210,QRCode
QR-photo_26_0068,181,117,255,119,252,192,178,193,QRCode
QR-photo_26_0069,175,125,253,127,253,204,175,205,QRCode
QR-photo_26_0070,189,108,260,113,257,184,186,182,QRCode
QR-photo_26_0071,161,119,228,119,228,184,162,184,QRCode
QR-photo_26_0072,145,116,209,116,209,178,145,178,QRCode
QR-photo_26_0073,158,124,225,124,225,192,158,192,QRCode
QR-photo_26_0074,180,121,237,121,237,178,180,178,QRCode
QR-photo_26_0075,173,129,213,130,213,174,173,176,QRCode
QR-photo_26_0076,192,121,232,123,231,164,192,164,QRCode
QR-photo_26_0077,198,122,238,122,240,162,199,163,QRCode
QR-photo_26_0078,186,114,186,174,123,177,123,116,QRCode
QR-photo_26_0079,368,66,427,66,427,124,368,124,QRCode
QR-photo_26_0080,323,80,379,80,378,136,323,136,QRCode
QR-photo_26_0081,217,114,217,182,150,182,150,114,QRCode
QR-photo_26_0082,325,105,325,178,254,178,254,105,QRCode
QR-photo_26_0083,158,108,235,110,235,186,158,186,QRCode
QR-photo_26_0084,364,107,429,107,429,171,364,171,QRCode
QR-photo_26_0085,62,102,122,104,119,163,61,161,QRCode
QR-photo_26_0086,120,111,185,111,185,176,120,176,QRCode
QR-photo_26_0087,348,110,420,110,420,180,348,180,QRCode
QR-photo_26_0088,53,239,87,239,85,275,51,274,QRCode
QR-photo_26_0089,257,56,259,92,223,93,220,57,QRCode
QR-photo_26_0090,373,55,415,55,416,98,374,98,QRCode
RoyalMail_0001,197,281,315,281,315,294,197,294,RoyalMailCode
RoyalMail_0002,81,51,199,51,199,65,81,65,RoyalMailCode
RoyalMail_0003,224,346,341,346,341,359,224,359,RoyalMailCode
RoyalMail_0004,222,293,340,293,340,307,222,307,RoyalMailCode
RoyalMail_0005,188,158,306,158,306,171,188,171,RoyalMailCode
RoyalMail_0006,220,279,338,279,338,292,220,292,RoyalMailCode
RoyalMail_0007,213,307,330,307,330,320,213,320,RoyalMailCode
RoyalMail_0008,193,159,310,159,310,172,193,172,RoyalMailCode
RoyalMail_0009,142,264,260,264,260,277,142,277,RoyalMailCode
RoyalMail_0010,208,126,326,126,326,140,208,140,RoyalMailCode
RoyalMail_0011,203,186,320,186,320,199,203,199,RoyalMailCode
RoyalMail_0012,207,168,324,168,324,181,207,181,RoyalMailCode
RoyalMail_0013,83,290,198,290,198,303,83,303,Kix
RoyalMail_0014,194,79,311,79,311,93,194,93,RoyalMailCode
RoyalMail_0015,307,88,307,101,189,101,189,88,RoyalMailCode
RoyalMail_0016,157,394,274,394,274,408,157,408,Kix
RoyalMail_0017,138,246,255,246,255,260,138,260,RoyalMailCode
RoyalMail_0018,153,325,271,325,271,338,153,338,Kix
RoyalMail_0019,204,200,321,200,321,213,204,213,RoyalMailCode
RoyalMail_0020,60,44,177,44,177,57,60,57,RoyalMailCode
RoyalMail_0021,224,321,341,321,341,334,224,334,RoyalMailCode
RoyalMail_0022,217,338,335,338,335,351,217,351,RoyalMailCode
RoyalMail_0023,172,457,289,457,290,470,172,470,RoyalMailCode
RoyalMail_0024,202,203,320,203,320,217,202,217,RoyalMailCode
RoyalMail_0025,259,425,259,439,142,439,142,426,RoyalMailCode
RoyalMail_0026,196,146,314,146,314,159,196,159,RoyalMailCode
RoyalMail_0027,64,42,181,42,181,56,64,56,RoyalMailCode
RoyalMail_0028,152,121,270,121,270,134,152,134,RoyalMailCode
RoyalMail_0029,97,143,214,143,214,156,97,156,RoyalMailCode
RoyalMail_0030,160,57,278,57,278,70,160,70,RoyalMailCode
RoyalMail_0031,153,211,271,211,271,225,153,225,RoyalMailCode
RoyalMail_0032,198,162,316,162,316,176,198,176,RoyalMailCode
RoyalMail_0033,149,148,267,148,267,162,149,162,RoyalMailCode
RoyalMail_0034,194,94,311,94,311,108,194,108,RoyalMailCode
RoyalMail_0035,298,399,298,413,180,413,180,400,RoyalMailCode
RoyalMail_0036,155,57,272,57,272,71,155,71,RoyalMailCode
RoyalMail_0037,109,192,226,192,226,206,109,206,Kix
RoyalMail_0038,119,180,238,180,238,193,119,193,RoyalMailCode
RoyalMail_0039,130,53,248,53,248,67,130,67,RoyalMailCode
RoyalMail_0040,84,125,202,125,202,139,84,139,Kix
RoyalMail_0041,208,141,325,141,325,154,208,154,RoyalMailCode
RoyalMail_0042,153,146,271,146,271,159,153,159,RoyalMailCode
RoyalMail_0043,213,246,331,246,331,259,213,259,RoyalMailCode
RoyalMail_0044,224,268,342,268,342,282,224,282,RoyalMailCode
RoyalMail_0045,50,368,168,368,168,381,50,381,RoyalMailCode
RoyalMail_0046,63,56,181,56,181,70,63,70,RoyalMailCode
RoyalMail_0047,217,84,335,84,335,98,217,98,RoyalMailCode
RoyalMail_0048,151,391,269,391,269,404,151,404,RoyalMailCode
RoyalMail_0049,220,76,337,76,337,89,220,89,RoyalMailCode
RoyalMail_0050,134,444,252,444,252,457,134,457,RoyalMailCode
RoyalMail_0051,278,228,291,228,291,346,278,346,Kix
RoyalMail_0052,64,316,77,316,77,433,64,433,Kix
RoyalMail_0053,37,105,51,105,51,222,37,222,RoyalMailCode
RoyalMail_0054,288,192,301,192,301,310,288,310,RoyalMailCode
RoyalMail_0055,324,157,337,157,337,274,324,274,RoyalMailCode
RoyalMail_0056,53,58,66,58,66,176,53,176,RoyalMailCode
RoyalMail_0057,293,229,307,229,307,346,293,346,RoyalMailCode
RoyalMail_0058,281,249,294,249,294,367,281,367,RoyalMailCode
RoyalMail_0059,58,267,58,385,44,385,44,267,RoyalMailCode
RoyalMail_0060,305,92,319,92,319,210,305,210,Kix
RoyalMail_0061,281,245,294,245,294,362,281,362,RoyalMailCode
RoyalMail_0062,51,354,51,471,38,471,38,354,RoyalMailCode
RoyalMail_0063,295,248,309,248,309,366,295,366,RoyalMailCode
RoyalMail_0064,321,281,321,398,308,399,308,281,RoyalMailCode
RoyalMail_0065,41,201,55,201,55,318,41,318,RoyalMailCode
RoyalMail_0066,307,108,320,108,320,225,307,225,RoyalMailCode
RoyalMail_0067,310,251,323,251,323,368,310,368,RoyalMailCode
RoyalMail_0068,244,80,244,198,230,198,230,80,RoyalMailCode
RoyalMail_0069,39,192,52,192,52,310,39,310,RoyalMailCode
RoyalMail_0070,30,80,44,80,44,197,30,197,RoyalMailCode
RoyalMail_0071,304,285,317,285,317,402,304,402,RoyalMailCode
RoyalMail_0072,47,197,47,314,33,314,33,197,RoyalMailCode
RoyalMail_0073,51,167,51,285,37,285,37,167,RoyalMailCode
RoyalMail_0074,317,157,317,275,303,275,303,157,RoyalMailCode
RoyalMail_0075,313,118,313,235,300,235,300,118,RoyalMailCode
RoyalMail_0076,318,137,318,255,304,255,304,137,RoyalMailCode
RoyalMail_0077,307,235,320,235,320,353,307,353,RoyalMailCode
RoyalMail_0078,296,209,309,209,309,327,296,327,RoyalMailCode
RoyalMail_0079,318,153,318,270,305,270,305,153,RoyalMailCode
RoyalMail_0080,26,108,40,108,40,226,26,226,RoyalMailCode
RoyalMail_0081,305,233,319,233,319,351,305,351,RoyalMailCode
RoyalMail_0082,34,162,48,162,48,279,34,280,RoyalMailCode
RoyalMail_0083,304,269,318,269,318,386,304,386,RoyalMailCode
RoyalMail_0084,96,149,110,149,110,266,96,266,RoyalMailCode
RoyalMail_0085,286,278,300,278,300,395,286,395,RoyalMailCode
RoyalMail_0086,188,35,202,35,202,152,188,152,RoyalMailCode
RoyalMail_0087,304,199,317,199,317,316,304,316,RoyalMailCode
RoyalMail_0088,35,236,49,236,49,353,35,353,RoyalMailCode
RoyalMail_0089,53,167,53,284,39,284,39,167,RoyalMailCode
RoyalMail_0090,30,117,44,117,44,234,30,234,RoyalMailCode
RoyalMail_0091,322,102,322,220,309,220,309,102,RoyalMailCode
RoyalMail_0092,41,111,41,228,27,228,27,111,RoyalMailCode
RoyalMail_0093,265,238,279,238,279,355,265,355,RoyalMailCode
RoyalMail_0094,207,342,220,342,220,459,207,459,RoyalMailCode
RoyalMail_0095,275,307,289,307,289,424,275,424,RoyalMailCode
RoyalMail_0096,40,132,54,132,54,249,40,249,RoyalMailCode
RoyalMail_0097,305,247,318,247,318,364,305,364,RoyalMailCode
RoyalMail_0098,37,142,51,142,51,259,37,259,RoyalMailCode
RoyalMail_0099,287,312,301,312,301,429,287,429,RoyalMailCode
RoyalMail_0100,36,178,50,178,50,296,36,296,RoyalMailCode
RoyalMail_0101,325,335,325,348,208,348,208,335,RoyalMailCode
RoyalMail_0102,159,357,159,371,42,371,42,357,RoyalMailCode
RoyalMail_0103,89,60,207,60,207,74,89,74,RoyalMailCode
RoyalMail_0104,101,48,218,48,218,61,101,61,RoyalMailCode
RoyalMail_0105,53,49,171,49,171,62,53,62,RoyalMailCode
RoyalMail_0106,60,35,178,35,178,48,60,48,RoyalMailCode
RoyalMail_0107,170,48,288,49,288,62,170,62,RoyalMailCode
RoyalMail_0108,42,48,160,48,160,62,42,62,RoyalMailCode
RoyalMail_0109,122,49,239,49,239,63,122,63,RoyalMailCode
RoyalMail_0110,45,49,162,49,162,62,45,62,RoyalMailCode
RoyalMail_0111,124,48,242,48,242,61,124,61,RoyalMailCode
RoyalMail_0112,57,49,175,49,175,63,57,63,RoyalMailCode
RoyalMail_0113,50,187,167,187,167,201,50,201,RoyalMailCode
RoyalMail_0114,95,49,213,49,213,62,95,62,RoyalMailCode
RoyalMail_0115,62,48,179,48,179,62,62,62,RoyalMailCode
RoyalMail_0116,92,74,209,74,209,87,92,87,RoyalMailCode
RoyalMail_0117,104,49,222,49,222,62,104,62,RoyalMailCode
RoyalMail_0118,132,388,249,388,249,401,132,401,RoyalMailCode
RoyalMail_0119,208,134,325,134,325,148,208,148,RoyalMailCode
RoyalMail_0120,145,390,262,390,262,404,145,404,RoyalMailCode
RoyalMail_0121,217,329,335,329,335,343,217,342,RoyalMailCode
RoyalMail_0122,329,122,329,135,212,135,212,122,RoyalMailCode
RoyalMail_0123,215,125,332,125,332,139,215,139,RoyalMailCode
RoyalMail_0124,307,87,307,101,189,101,189,87,RoyalMailCode
RoyalMail_0125,124,52,242,52,242,66,124,66,RoyalMailCode
RoyalMail_0126,46,48,163,48,163,62,46,62,RoyalMailCode
RoyalMail_0127,214,339,331,339,331,352,214,352,RoyalMailCode
RoyalMail_0128,343,88,344,102,226,102,226,88,RoyalMailCode
RoyalMail_0129,53,53,171,53,171,67,53,67,RoyalMailCode
RoyalMail_0130,113,58,230,58,230,72,113,72,RoyalMailCode
RoyalMail_0131,44,50,162,50,162,63,44,63,RoyalMailCode
RoyalMail_0132,62,50,180,50,180,64,62,64,RoyalMailCode
RoyalMail_0133,101,164,218,164,218,177,101,177,RoyalMailCode
RoyalMail_0134,52,47,169,47,169,61,52,61,RoyalMailCode
RoyalMail_0135,213,350,330,350,331,363,213,363,RoyalMailCode
RoyalMail_0136,136,66,253,66,253,79,136,79,RoyalMailCode
RoyalMail_0137,167,393,285,393,285,406,167,406,RoyalMailCode
RoyalMail_0138,329,171,329,184,211,184,211,171,RoyalMailCode
RoyalMail_0139,207,294,325,294,325,307,207,307,RoyalMailCode
RoyalMail_0140,156,177,273,177,273,191,156,191,RoyalMailCode
RoyalMail_0141,155,48,272,48,272,61,155,61,RoyalMailCode
RoyalMail_0142,324,149,324,163,206,163,206,149,RoyalMailCode
RoyalMail_0143,74,49,191,49,191,63,74,63,RoyalMailCode
RoyalMail_0144,83,113,201,113,201,127,83,127,RoyalMailCode
RoyalMail_0145,54,51,172,51,172,64,54,64,RoyalMailCode
RoyalMail_0146,116,230,234,230,234,243,116,243,RoyalMailCode
RoyalMail_0147,93,47,211,47,211,61,93,61,RoyalMailCode
RoyalMail_0148,214,457,331,457,331,471,214,471,RoyalMailCode
RoyalMail_0149,203,122,203,135,86,135,86,122,RoyalMailCode
RoyalMail_0150,222,308,340,308,340,321,222,321,RoyalMailCode
RoyalMail_0151,305,160,319,160,319,277,305,277,RoyalMailCode
RoyalMail_0152,300,213,300,331,287,331,287,213,RoyalMailCode
RoyalMail_0153,210,56,210,173,197,173,197,56,RoyalMailCode
RoyalMail_0154,65,274,65,391,52,391,52,274,RoyalMailCode
RoyalMail_0155,192,351,192,469,179,469,179,352,RoyalMailCode
RoyalMail_0156,185,104,185,222,172,222,172,104,RoyalMailCode
RoyalMail_0157,300,57,300,175,286,175,286,57,RoyalMailCode
RoyalMail_0158,50,172,63,172,63,289,50,289,RoyalMailCode
RoyalMail_0159,71,342,71,460,58,460,58,342,RoyalMailCode
RoyalMail_0160,180,113,180,230,167,230,166,113,RoyalMailCode
RoyalMail_0161,333,312,333,430,320,429,320,312,RoyalMailCode
RoyalMail_0162,180,346,180,464,167,464,167,346,RoyalMailCode
RoyalMail_0163,329,288,329,405,315,405,315,288,RoyalMailCode
RoyalMail_0164,64,291,64,409,50,409,50,291,RoyalMailCode
RoyalMail_0165,83,326,83,443,70,443,70,326,RoyalMailCode
RoyalMail_0166,46,245,46,363,32,363,32,245,RoyalMailCode
RoyalMail_0167,313,197,327,197,327,314,313,314,RoyalMailCode
RoyalMail_0168,43,289,43,407,30,407,30,289,RoyalMailCode
RoyalMail_0169,169,34,169,152,156,152,156,34,RoyalMailCode
RoyalMail_0170,292,179,306,179,306,296,292,296,RoyalMailCode
RoyalMail_0171,40,256,40,373,26,373,26,256,RoyalMailCode
RoyalMail_0172,325,143,325,260,312,260,312,143,RoyalMailCode
RoyalMail_0173,59,303,59,421,45,421,46,303,RoyalMailCode
RoyalMail_0174,60,363,60,481,46,481,46,363,RoyalMailCode
RoyalMail_0175,287,24,287,141,273,141,273,24,RoyalMailCode
RoyalMail_0176,328,68,328,186,314,186,314,68,RoyalMailCode
RoyalMail_0177,49,298,49,415,35,415,35,298,RoyalMailCode
RoyalMail_0178,123,113,123,231,109,231,109,113,RoyalMailCode
RoyalMail_0179,338,351,338,469,325,469,325,351,RoyalMailCode
RoyalMail_0180,74,236,74,353,60,353,60,236,RoyalMailCode
RoyalMail_0181,314,79,314,197,300,197,300,79,RoyalMailCode
RoyalMail_0182,321,327,321,444,308,444,308,327,RoyalMailCode
RoyalMail_0183,42,256,55,256,55,373,42,373,RoyalMailCode
RoyalMail_0184,55,156,55,273,42,273,42,156,RoyalMailCode
RoyalMail_0185,263,356,277,355,277,473,263,473,RoyalMailCode
RoyalMail_0186,59,60,73,60,73,178,59,178,RoyalMailCode
RoyalMail_0187,45,217,59,217,59,335,45,335,RoyalMailCode
RoyalMail_0188,335,227,335,344,321,344,321,227,RoyalMailCode
RoyalMail_0189,173,369,173,487,160,487,160,369,RoyalMailCode
RoyalMail_0190,316,63,316,181,303,181,303,63,RoyalMailCode
RoyalMail_0191,66,236,66,353,52,353,52,236,RoyalMailCode
RoyalMail_0192,43,181,57,181,57,299,43,299,RoyalMailCode
RoyalMail_0193,131,56,131,174,118,174,118,56,RoyalMailCode
RoyalMail_0194,323,328,336,328,336,446,323,446,RoyalMailCode
RoyalMail_0195,48,295,48,412,34,412,34,295,RoyalMailCode
RoyalMail_0196,71,342,71,460,57,460,57,342,RoyalMailCode
RoyalMail_0197,55,306,55,423,41,423,41,306,RoyalMailCode
RoyalMail_0198,327,291,327,408,314,408,314,291,RoyalMailCode
RoyalMail_0199,48,217,48,335,34,335,34,217,RoyalMailCode
RoyalMail_0200,334,326,334,444,320,444,320,326,RoyalMailCode
Special_0001,400,125,415,125,413,344,398,343,Code128,429,125,459,124,457,346,429,345,Code128,240,250,274,250,272,330,238,329,EAN13,355,227,381,228,381,343,354,342,Code128,349,82,397,81,396,129,347,129,QRCode,242,95,271,94,269,174,241,174,UPCA
Special_0002,56,189,57,223,22,224,22,189,Aztec
Special_0004,296,14,296,35,275,35,275,14,DataMatrix
Special_0005,22,47,22,59,11,59,11,47,QRCode
Special_0006,469,25,469,68,47,69,47,25,Interleaved25
Special_0007,41,184,41,218,8,218,8,184,Aztec
Special_0008,335,68,336,99,280,101,278,70,Interleaved25,476,119,476,149,372,148,372,119,PDF417,486,23,486,47,462,47,462,23,DataMatrix
Special_0009,323,28,323,64,153,64,153,29,PDF417
Special_0010,336,25,336,34,295,34,295,25,EAN13
Special_0011,487,124,487,310,27,310,27,124,PDF417
Special_0012,77,250,332,251,333,303,77,303,PDF417
Special_0013,329,118,329,157,290,157,290,118,QRCode
Special_0014,330,25,330,58,178,58,178,25,PDF417,336,88,336,157,42,156,42,87,PDF417,337,164,337,235,41,235,41,162,PDF417,336,241,336,310,41,310,41,241,PDF417,336,316,336,388,41,388,41,317,PDF417,337,394,337,465,42,465,42,394,PDF417
Special_0016,327,26,327,111,241,111,241,27,Aztec
Special_0018,350,310,350,377,50,377,50,310,PDF417
Special_0019,70,184,247,184,247,193,69,193,JapanPost
Special_0020,311,23,338,25,336,52,310,51,DataMatrix,340,23,349,23,347,53,338,52,Interleaved25,43,375,43,384,34,384,34,375,DataMatrix,51,464,51,483,32,483,32,464,DataMatrix
Special_0021,428,357,428,375,59,375,59,357,JapanPost
Special_0022,167,207,224,207,224,232,167,232,Code128,34,330,130,330,130,426,34,426,QRCode
Special_0023,58,217,289,218,289,230,58,228,JapanPost
Special_0024,253,152,292,151,293,188,253,189,QRCode
Special_0025,53,457,53,474,37,474,37,457,DataMatrix
Special_0026,37,276,307,277,305,290,37,290,JapanPost
Special_0027,261,165,302,164,306,203,263,204,QRCode
Special_0028,261,165,302,164,306,203,263,204,QRCode
Special_0029,261,165,302,164,306,203,263,204,QRCode
Special_0030,81,207,81,366,73,366,73,207,JapanPost
Special_0031,49,219,295,219,295,231,49,231,JapanPost
Special_0032,182,100,215,99,215,133,183,135,QRCode
Special_0033,240,182,275,182,276,216,240,216,QRCode
Special_0035,138,210,330,218,330,227,138,219,JapanPost
Special_0036,44,240,301,240,301,253,44,253,JapanPost,274,401,324,400,324,451,274,450,QRCode
Special_0037,51,238,302,238,302,249,51,249,JapanPost
Special_0038,65,212,304,212,304,224,65,224,JapanPost
Special_0039,292,256,292,267,59,266,59,255,JapanPost
Special_0040,286,46,297,46,297,280,286,280,JapanPost
Special_0041,69,184,247,185,246,193,69,192,JapanPost
Special_0042,233,56,240,56,239,184,233,184,JapanPost,380,190,402,190,402,212,380,212,QRCode
Special_0043,272,55,347,61,352,139,275,136,Aztec
Special_0044,15,262,51,261,51,296,14,296,Aztec
Special_0045,17,230,55,230,54,266,16,266,Aztec
Special_0046,19,279,149,278,149,284,19,285,JapanPost,331,298,331,304,214,304,214,299,JapanPost
Special_0047,249,393,330,394,328,471,248,472,Aztec
Special_0048,132,208,132,213,25,213,25,208,JapanPost,322,215,322,221,198,221,198,216,JapanPost
Special_0049,234,53,234,298,222,298,222,53,JapanPost
Special_0050,242,36,331,36,331,126,241,127,Aztec
Special_0051,48,101,110,102,109,160,48,160,Aztec
Special_0052,377,241,498,242,498,270,377,270,Code128,377,64,499,64,498,92,377,92,Code128
Special_0053,314,131,384,131,385,201,314,200,Aztec
Special_0054,267,6,267,46,135,46,135,6,Interleaved25
Special_0055,89,272,197,272,197,295,90,296,UPCA,459,263,459,296,346,297,346,264,Code39,285,219,285,252,60,253,59,219,Code39,337,271,337,294,246,294,245,272,EAN13,273,310,274,342,64,344,63,311,Code39,442,309,442,340,303,342,303,311,Code39
Special_0056,321,88,403,88,403,135,323,136,Code128,47,214,209,214,208,263,48,262,Code128,267,87,267,136,46,137,46,89,Code128,384,216,384,258,342,258,341,217,DataMatrix
Special_0057,219,47,325,48,326,63,219,63,Code128
Special_0058,74,415,232,419,232,462,73,458,Code128,74,364,147,365,146,409,74,408,Code128
Special_0059,310,325,310,352,217,352,217,325,Code39,329,389,329,430,223,430,223,390,PDF417
Special_0060,81,312,312,311,312,330,81,330,Code128,97,28,301,28,302,104,98,106,UPCA,99,163,304,163,304,243,100,242,EAN13,320,352,461,352,461,376,320,376,Interleaved25
Special_0061,138,47,208,50,208,73,138,71,PDF417,131,279,131,347,110,349,110,280,PDF417
Special_0062,67,333,291,330,292,425,70,427,EAN13
Special_0063,431,198,431,208,279,208,279,199,Postnet
Special_0064,19,259,243,273,239,322,18,304,PDF417
Special_0065,265,95,423,97,423,211,263,210,UPCA,64,131,178,131,178,154,64,153,Code128,65,93,179,93,179,116,65,116,Code128,65,55,169,56,168,78,64,78,Code128,447,100,465,100,463,198,445,197,Interleaved25,145,173,145,226,94,226,94,174,QRCode
Special_0066,337,270,481,271,480,295,337,294,Interleaved25,142,31,282,29,282,77,143,78,UPCA,147,107,285,105,285,156,146,157,EAN13,83,233,321,232,322,251,83,254,Code128
Special_0067,21,448,44,447,44,471,21,470,DataMatrix
Special_0068,104,166,253,165,254,172,104,173,Postnet
Special_0069,52,143,83,143,81,239,48,239,PDF417,376,253,476,253,476,285,376,285,PDF417
Special_0070,72,72,58,159,18,159,37,72,PDF417
Special_0071,40,243,444,247,442,280,41,279,Code128,257,137,465,142,462,182,256,177,PDF417
Special_0072,80,403,80,430,54,430,54,403,QRCode
Special_0073,23,152,203,153,202,268,19,264,EAN13,279,186,495,188,496,268,279,268,UCC128
Special_0074,45,322,338,324,340,381,43,378,PDF417
Special_0075,85,110,81,202,55,203,58,110,PDF417
Special_0076,145,222,272,224,272,250,145,249,PDF417,448,111,472,111,480,229,456,229,PDF417
Special_0077,123,175,123,188,42,189,42,176,Code128
Special_0078,200,12,200,28,72,29,72,14,Code128,324,11,325,26,245,27,245,12,Code128
Special_0079,255,61,362,58,363,74,255,76,PDF417
Special_0080,445,136,484,136,491,320,451,321,PDF417
Special_0081,332,129,360,129,361,302,333,302,Code128,212,285,212,314,93,315,93,286,PDF417
Special_0082,331,68,356,68,366,164,339,164,PDF417
Special_0083,54,139,93,139,91,267,52,268,PDF417
Special_0084,308,105,357,104,358,178,309,178,PDF417
Special_0086,215,356,260,356,260,391,214,390,DataMatrix,261,116,261,149,216,149,216,115,DataMatrix,216,155,261,155,261,188,216,188,DataMatrix,216,194,261,194,261,228,216,228,DataMatrix,216,234,260,234,260,268,216,268,DataMatrix,216,275,260,275,260,309,216,309,DataMatrix,215,315,260,315,260,350,215,350,DataMatrix
Special_0087,44,160,67,160,64,248,42,248,PDF417
Special_0088,48,177,69,177,67,264,45,264,PDF417
Special_0089,69,176,69,272,40,272,40,176,PDF417
Special_0090,46,180,75,180,74,273,45,273,PDF417
Special_0091,36,154,64,154,63,249,36,249,PDF417
Special_0092,58,161,86,161,84,256,57,256,PDF417
Special_0093,508,136,507,221,459,220,460,136,PDF417
Special_0094,435,130,483,130,483,216,435,216,PDF417
Special_0095,424,136,468,137,468,216,424,216,PDF417
Special_0096,448,123,498,123,498,212,448,211,PDF417
Special_0097,52,183,78,183,76,273,51,273,PDF417
Special_0098,46,176,71,176,72,264,47,264,PDF417
Special_0099,50,118,118,118,118,253,50,253,PDF417
Special_0100,64,126,128,124,133,251,68,255,PDF417
Special_0101,48,112,112,112,111,225,46,225,PDF417
Special_0102,62,59,123,70,99,180,35,168,PDF417
Special_0103,39,113,87,113,90,220,41,220,PDF417
Special_0104,61,100,107,101,106,199,59,197,PDF417
Special_0105,448,136,500,134,499,228,447,228,PDF417
Special_0106,438,127,487,128,483,216,434,214,PDF417
Special_0107,456,135,505,135,504,226,454,226,PDF417
Special_0108,57,455,152,456,152,478,57,477,PDF417,236,45,328,47,327,68,236,66,PDF417
Special_0109,187,161,212,161,211,238,185,238,PDF417
Special_0110,230,85,279,86,279,235,229,234,PDF417
Special_0111,8,206,158,207,156,255,5,253,PDF417
Special_0112,103,30,131,29,128,98,98,98,PDF417,81,180,112,180,108,259,74,259,PDF417
Special_0113,75,107,74,195,49,195,51,107,PDF417,225,189,314,189,313,221,224,220,PDF417
Special_0114,341,56,370,55,374,193,343,193,Code128,272,184,272,218,101,222,101,186,PDF417
Special_0115,431,109,433,157,343,157,342,110,Code128
Special_0117,265,186,265,265,99,273,93,191,Code128
Special_0118,410,85,441,87,439,190,407,189,Code128
Special_0119,177,46,244,46,244,60,177,60,Interleaved25,171,324,245,323,246,339,172,341,Interleaved25,126,231,143,230,141,304,124,304,Interleaved25
Special_0120,430,314,433,361,277,364,276,316,Code39
Special_0121,240,71,256,71,255,137,240,137,Code128,272,148,336,147,336,156,272,157,Code128
Special_0122,307,37,334,37,335,64,307,65,Aztec
Special_0123,126,416,293,416,292,464,127,464,Code39
Special_0124,295,120,333,117,335,154,297,157,QRCode
Special_0125,318,430,337,430,337,449,318,449,DataMatrix
Special_0126,306,444,325,444,325,463,306,463,DataMatrix
Special_0127,170,126,174,296,165,296,161,126,IntelligentMail
Special_0128,57,436,55,459,34,459,35,436,Aztec
Special_0129,59,447,58,471,35,470,36,447,Aztec
Special_0130,222,170,354,172,356,247,221,247,EAN13,173,278,403,279,405,331,171,331,PDF417
Special_0131,328,32,385,35,386,50,329,47,Code128,138,54,301,60,301,94,138,92,Code128,223,118,396,118,396,142,223,143,Code128,58,235,365,220,366,250,59,270,Code128
Special_0132,187,113,265,113,261,255,183,252,EAN13,297,66,437,60,431,315,291,303,PDF417
Special_0133,327,172,329,251,187,252,189,172,EAN13,362,284,366,325,151,327,154,285,PDF417
Special_0134,202,250,202,293,67,295,69,252,PDF417
Special_0135,404,155,451,154,457,231,409,232,PDF417
Special_0136,406,174,452,172,460,249,412,250,PDF417
Special_0137,401,163,447,161,453,237,407,238,PDF417
Special_0138,278,107,318,106,318,144,278,144,DataMatrix
Special_0139,314,72,317,103,283,104,281,73,DataMatrix
Special_0140,327,118,331,228,304,228,304,119,PDF417
Special_0141,26,336,122,337,122,434,28,430,QRCode
Special_0142,230,104,364,103,364,125,230,128,PDF417,231,483,373,487,373,510,231,505,PDF417
Special_0143,173,317,374,322,374,332,172,327,Postnet
Special_0144,111,126,104,220,64,220,71,126,PDF417
Special_0145,60,283,61,338,29,338,28,283,PDF417
Special_0146,156,205,156,307,53,308,53,206,Aztec
Special_0147,38,194,492,194,491,225,38,226,Code128,36,119,319,123,318,155,36,153,Code39
Special_0148,100,447,411,452,414,487,97,483,PDF417
Special_0149,276,63,325,63,331,104,279,104,Aztec
Special_0150,31,110,140,110,141,144,32,145,PDF417,329,157,371,157,373,270,330,271,PDF417
Special_0153,28,120,61,120,60,175,26,175,PDF417,28,275,63,274,61,332,26,332,PDF417
Special_0154,202,266,412,264,412,274,202,275,Postnet
Special_0156,67,99,63,191,29,191,32,99,PDF417
Special_0157,331,79,355,79,357,98,332,98,DataMatrix
Special_0158,170,132,251,131,252,179,170,180,Code128,68,66,360,68,364,110,65,109,Code128
Special_0161,106,295,290,290,290,307,106,312,Code128,220,197,221,247,172,248,170,199,DataMatrix,240,343,243,428,161,431,159,345,DataMatrix
Special_0163,212,117,212,144,81,147,81,120,Code128,114,254,221,253,221,271,114,272,Code39,255,169,255,197,41,199,40,172,Code39,319,120,450,117,452,171,320,173,UPCA
Special_0164,306,69,356,69,356,119,306,119,Aztec
Special_0165,14,148,61,148,57,236,8,237,PDF417
Special_0166,429,230,425,288,78,296,72,239,Interleaved25
Special_0169,68,218,280,220,280,242,68,240,Code39,68,370,226,372,226,391,68,387,UCC128,122,181,226,182,226,205,121,204,EAN13
Special_0170,34,234,277,236,277,271,34,268,Code39,35,169,339,172,338,206,34,203,Code39
Special_0171,347,45,347,53,215,56,215,48,Code128,292,65,304,65,304,77,292,77,DataMatrix
Special_0172,104,7,104,37,16,36,16,7,PDF417
Special_0173,196,379,291,379,292,397,196,396,Code128
Special_0174,320,429,365,429,367,475,321,475,QRCode
Special_0175,189,432,189,447,42,450,42,436,Code128,58,131,297,131,295,245,55,244,EAN13,42,381,189,377,189,391,42,395,Code128,190,460,190,474,43,478,42,463,Code128,41,409,189,405,190,419,42,423,Code128,140,351,140,365,42,368,42,353,Code128
Special_0176,349,189,349,198,142,199,142,190,Postnet
Special_0177,274,151,274,78,351,79,353,153,Aztec,240,303,236,441,190,440,194,300,PDF417
Special_0178,175,186,179,276,144,280,141,189,PDF417
Special_0179,101,58,101,64,63,64,63,58,Code128,41,15,70,15,71,27,41,27,DataMatrix,341,456,374,455,375,470,342,472,DataMatrix,332,16,333,28,305,29,304,16,DataMatrix,315,83,316,93,286,94,285,84,DataMatrix,364,129,368,156,359,156,354,129,DataMatrix
Special_0180,119,360,251,359,251,374,119,374,Code39
Special_0182,264,45,312,46,312,92,264,91,Aztec
Special_0183,332,234,334,259,246,260,245,236,Code128,333,383,337,465,258,466,255,384,Aztec
Special_0184,92,8,127,9,127,90,92,89,PDF417,118,182,117,263,80,263,81,182,PDF417
Special_0185,257,66,257,77,203,77,203,67,PDF417,255,167,255,180,198,180,198,167,PDF417,267,282,267,296,206,296,206,282,PDF417
Special_0186,313,372,345,371,347,406,314,407,QRCode
Special_0187,137,318,254,315,254,328,136,331,Code39
Special_0188,326,110,319,71,273,69,275,111,QRCode
Special_0189,47,239,194,243,193,290,44,288,PDF417
Special_0190,195,366,283,367,284,384,195,382,Code128
Special_0191,323,256,323,265,215,268,215,258,Postnet
Special_0192,207,261,316,260,318,272,208,273,Postnet
Special_0193,64,39,61,165,17,165,21,39,PDF417,60,265,58,396,14,397,17,266,PDF417
Special_0194,233,247,272,250,271,287,233,284,QRCode
Special_0195,74,47,96,47,85,142,61,142,PDF417,51,196,77,198,59,311,33,311,PDF417
Special_0196,345,162,356,246,325,251,314,166,PDF417
Special_0197,369,282,371,325,326,324,325,282,QRCode
Special_0198,67,50,161,49,160,82,67,82,Code128,260,365,306,366,305,413,260,411,QRCode,87,360,131,361,129,406,86,404,QRCode,174,361,219,362,218,408,173,406,QRCode
Special_0199,187,34,264,37,264,89,187,88,PDF417
Special_0200,319,211,371,211,374,263,321,262,Aztec
Special_0201,435,272,435,281,306,283,306,275,IntelligentMail
Special_0202,284,72,346,75,346,97,284,95,PDF417
Special_0204,412,36,443,35,433,368,403,366,Code128
Special_0205,92,178,206,180,206,214,92,212,PDF417,90,390,206,392,207,426,89,426,PDF417
Special_0206,473,130,486,194,350,198,342,133,UPCA,291,236,296,321,82,329,91,242,Code128
Special_0207,48,20,101,20,100,129,44,129,PDF417,48,201,103,201,102,313,48,313,PDF417
Special_0208,142,39,144,154,121,155,119,41,Code128
Special_0209,43,435,315,433,315,512,43,512,Code128,22,219,271,218,271,282,22,284,PDF417,247,205,247,215,22,217,22,206,Code128
Special_0210,419,145,466,145,471,225,424,225,PDF417
Special_0211,421,154,467,152,475,232,427,232,PDF417
Special_0212,344,48,451,53,451,88,342,84,Code39
Special_0213,255,70,344,73,344,83,255,81,Code39
Special_0214,300,91,300,105,221,106,220,92,Code128
Special_0215,413,105,413,125,304,125,304,105,Code39
Special_0216,327,58,356,57,357,86,327,87,QRCode,291,144,337,144,338,160,291,160,EAN13
Special_0217,407,142,470,143,470,165,407,164,EAN13,456,19,496,20,498,59,457,59,QRCode
Special_0218,237,21,280,21,280,32,237,32,Interleaved25,20,137,49,137,48,164,19,164,QRCode
Special_0219,240,21,283,22,283,33,240,33,Interleaved25,18,136,48,136,46,164,16,164,QRCode
Special_0220,275,4,352,3,352,29,275,29,Interleaved25,36,424,80,424,80,471,35,472,QRCode
Special_0221,276,6,354,5,354,32,276,32,Interleaved25,41,428,85,428,84,475,40,475,QRCode
Special_0222,154,340,229,340,230,419,155,419,QRCode
Special_0223,29,27,29,159,12,159,12,28,Code39,131,25,148,25,149,158,131,158,Code39,160,300,199,301,199,341,160,339,QRCode,45,296,83,298,83,336,45,336,QRCode,45,19,70,19,70,44,46,45,QRCode,182,16,207,16,207,41,182,41,QRCode
Special_0224,293,30,470,33,471,55,293,53,Code39,296,194,482,193,484,217,296,217,Code39,51,74,105,75,101,126,48,126,QRCode,37,238,95,238,92,296,34,296,QRCode,448,78,484,77,485,109,451,110,QRCode,462,267,499,267,500,303,465,303,QRCode
Special_0225,195,416,225,416,225,448,195,448,DataMatrix
Special_0226,25,248,60,248,58,284,21,284,Aztec
Special_0227,339,74,465,76,468,100,339,99,Code128
Special_0228,31,90,66,87,63,181,27,182,PDF417,33,206,72,206,68,308,29,307,PDF417
Special_0229,236,36,328,34,329,59,236,59,PDF417,320,339,348,339,352,446,323,446,PDF417
Special_0230,34,188,197,182,198,205,33,213,Code128
Special_0231,34,188,197,182,198,205,33,213,Code128
Special_0232,234,63,275,63,275,81,234,81,DataMatrix
Special_0234,340,132,463,134,460,179,338,178,Code39,111,338,221,339,220,367,111,365,Code128,227,262,281,263,280,290,227,289,Code128,29,256,187,260,186,288,29,285,Code128,341,10,477,13,475,58,339,56,UPCA
Special_0235,102,208,195,211,195,223,101,220,Code128,289,233,291,247,215,245,215,232,EAN13,216,271,296,273,299,288,216,286,UPCA,97,238,201,241,201,252,94,250,Code128,89,277,191,279,191,296,86,294,Code128,83,316,204,319,204,336,80,332,Code128,236,320,295,321,297,337,237,336,Code128
Special_0236,363,177,382,177,380,321,362,321,Code128,228,76,226,188,204,188,205,76,Code128,226,208,225,310,201,310,203,208,EAN13,328,95,346,95,343,320,325,319,Code128,459,139,458,223,442,223,443,139,Code128
Special_0237,144,133,151,352,127,355,119,133,Code128,202,153,209,348,184,350,179,154,Code128,278,201,281,336,243,339,240,202,EAN13,275,46,278,184,239,185,235,46,UPCA,339,62,340,138,318,138,316,62,Code128,342,181,346,335,325,337,320,181,Code128
Special_0239,346,41,346,177,316,177,317,41,PDF417,440,43,469,44,471,177,442,177,PDF417,349,228,350,365,320,365,319,229,PDF417,472,227,474,362,445,362,444,227,PDF417
Special_0240,28,3,67,3,67,19,28,19,EAN13,70,8,80,8,80,17,70,17,2-Digit
Special_0241,69,23,115,23,115,38,69,38,EAN13,66,21,66,33,56,33,56,21,2-Digit
Special_0242,93,44,113,44,111,233,91,233,PDF417
Special_0243,449,35,469,35,469,220,449,219,PDF417,448,295,468,295,469,479,448,479,PDF417
Special_0244,424,58,463,58,463,213,424,213,Code39,377,59,377,213,339,213,339,60,Code39
Special_0245,63,99,216,102,216,122,62,119,Code128,326,42,324,96,271,95,272,42,QRCode
Special_0246,258,118,303,118,303,163,258,163,Aztec
Special_0247,310,191,325,191,325,206,310,206,DataMatrix,6,488,25,488,25,508,6,508,DataMatrix
Special_0248,241,359,314,359,314,399,241,399,PDF417
Special_0249,0,228,9,228,9,281,0,281,Interleaved25,130,85,146,85,146,100,130,100,DataMatrix,26,477,186,478,186,498,26,498,Code128
Special_0250,32,477,191,476,191,497,32,497,Code128,2,224,14,224,14,281,2,281,Interleaved25,149,85,149,100,134,100,134,85,DataMatrix
Special_0251,181,326,264,326,264,345,181,345,Interleaved25,47,326,116,326,116,345,47,344,Code39,106,24,239,24,239,40,106,40,Code128,339,24,472,24,473,40,339,40,Code128,124,223,224,224,224,244,124,244,PDF417,357,224,456,224,457,244,357,244,PDF417
Special_0252,212,167,289,166,289,182,213,182,Interleaved25,319,247,338,247,338,330,319,330,Interleaved25,320,394,338,394,338,463,320,463,Code39
Special_0253,51,303,223,303,223,321,51,321,Code128,51,135,223,135,222,152,51,152,Code128,51,476,221,475,221,493,51,493,Code128,298,19,337,19,337,58,298,58,QRCode,298,345,337,345,337,384,298,384,QRCode,297,177,336,176,337,216,297,216,QRCode
Special_0254,116,182,159,182,159,224,116,224,Aztec,257,175,300,172,302,215,260,217,Aztec,140,360,140,380,67,381,67,361,Code128,216,356,288,352,288,372,216,376,Code128
Special_0255,18,474,37,474,37,494,18,494,DataMatrix,276,83,276,99,201,99,201,83,Interleaved25
Special_0256,211,317,307,316,307,353,211,354,PDF417,286,263,286,287,202,288,202,264,Code39
Special_0257,60,8,100,8,100,23,60,23,EAN8,260,7,349,7,349,25,260,25,PDF417,180,444,259,444,259,487,180,488,PDF417
Special_0258,20,476,39,476,39,496,20,496,DataMatrix
Special_0259,19,479,38,479,38,498,19,498,DataMatrix
Special_0260,260,124,310,124,310,174,260,174,Aztec,260,199,310,199,310,249,260,249,Aztec
Special_0261,305,449,324,449,324,468,305,469,DataMatrix
Special_0262,298,454,318,454,318,473,298,473,DataMatrix
Special_0263,203,34,203,82,22,83,22,35,PDF417
Special_0264,52,62,92,62,93,181,52,181,PDF417
Special_0265,57,33,225,32,225,81,58,81,PDF417
Special_0266,112,132,224,132,224,178,112,178,PDF417
Special_0267,27,213,165,211,165,228,27,229,Code39,311,209,311,231,289,232,289,210,DataMatrix
Special_0268,148,99,166,101,156,199,139,198,Interleaved25
Special_0269,277,30,277,45,119,46,119,31,Code39,119,271,277,270,277,284,119,285,Code39,5,489,24,489,24,508,5,508,DataMatrix
Special_0270,52,441,170,440,170,466,51,468,PDF417
Special_0271,176,98,217,98,217,130,176,130,DataMatrix,176,135,217,135,217,168,176,168,DataMatrix,176,172,217,172,217,203,176,203,DataMatrix,175,208,216,208,216,240,175,240,DataMatrix,175,245,216,245,216,276,175,276,DataMatrix,175,281,216,281,216,312,175,312,DataMatrix,175,318,216,318,216,349,175,349,DataMatrix
Special_0272,203,271,290,270,290,296,203,297,Code39,198,332,298,331,298,370,198,370,PDF417
Special_0273,203,271,290,271,290,296,203,296,Code39,198,331,299,331,298,369,198,370,PDF417
Special_0274,187,307,312,307,312,343,187,344,Code39,194,360,337,360,337,414,194,414,PDF417
Special_0275,186,307,312,307,312,344,187,344,Code39,194,360,336,360,336,415,194,415,PDF417
Special_0276,188,307,312,306,312,343,188,344,Code39,195,361,337,360,336,414,195,415,PDF417
Special_0277,224,303,337,302,337,325,224,325,Code39,248,370,338,370,338,392,248,392,PDF417
Special_0278,224,439,291,439,291,460,224,460,UCC128,258,172,308,172,308,222,258,222,Aztec
Special_0279,88,138,214,139,214,149,88,148,IATA25,89,308,215,307,215,317,89,317,IATA25,91,469,217,469,217,479,91,479,IATA25
Special_0280,224,304,336,303,337,326,224,326,Code39,248,371,338,371,338,394,248,394,PDF417
Special_0281,224,304,337,303,337,326,224,326,Code39,248,371,338,371,338,394,248,394,PDF417
Special_0282,224,303,337,302,337,325,224,325,Code39,247,370,338,370,338,393,247,392,PDF417
Special_0283,221,304,333,303,333,326,221,327,Code39,245,370,335,370,335,393,245,394,PDF417
Special_0284,221,304,333,303,333,326,221,326,Code39,245,370,334,370,335,393,245,393,PDF417
Special_0285,203,276,288,275,288,300,203,300,Code39,198,349,296,348,296,385,198,386,PDF417
Special_0286,261,47,332,48,332,70,261,69,PDF417
Special_0287,261,46,332,48,332,69,261,68,PDF417
Special_0288,204,273,292,274,292,299,204,299,Code39,213,329,314,329,314,367,213,367,PDF417
Special_0289,225,441,292,440,292,461,225,461,UCC128,258,173,307,173,307,223,258,223,Aztec
Special_0290,187,308,312,308,312,345,187,345,Code39,194,362,336,362,336,416,194,416,PDF417
Special_0291,292,274,292,299,203,299,203,274,Code39,213,329,313,329,313,367,213,367,PDF417
Special_0292,221,284,327,283,327,305,220,306,Code39,329,347,329,369,242,369,242,348,PDF417
Special_0293,34,124,52,124,52,184,34,184,PDF417,34,376,52,376,52,436,34,436,PDF417
Special_0294,35,124,52,124,52,184,35,184,PDF417,36,376,53,376,53,435,36,435,PDF417
Special_0295,295,24,333,24,333,62,295,61,QRCode
Special_0296,256,86,297,86,297,127,256,127,QRCode
Special_0297,8,113,32,114,31,138,7,137,Aztec
Special_0298,110,54,168,54,168,112,110,112,QRCode
Special_0299,36,160,65,160,65,270,36,270,PDF417
Special_0300,9,474,33,474,33,498,9,498,Aztec
Special_0301,31,477,31,504,6,504,6,477,Aztec
Special_0302,33,463,33,487,9,487,9,463,Aztec
Special_0303,9,474,32,474,32,498,9,498,Aztec
Special_0304,29,184,56,184,57,277,30,277,PDF417
Special_0305,9,474,32,473,32,498,8,498,Aztec
Special_0306,8,476,32,476,32,501,8,501,Aztec
Special_0307,257,160,307,160,307,211,257,211,Aztec,224,408,292,407,292,428,224,428,UCC128
Special_0308,343,73,342,103,279,104,279,74,PDF417
Special_0309,176,99,217,99,217,130,176,130,DataMatrix,176,135,217,135,217,168,176,168,DataMatrix,176,172,217,172,217,203,176,203,DataMatrix,176,208,216,208,216,240,176,240,DataMatrix,175,245,216,245,216,276,175,276,DataMatrix,175,281,216,281,216,312,175,312,DataMatrix,175,318,216,318,216,349,175,349,DataMatrix
Special_0310,5,434,29,434,29,457,5,457,Aztec
Special_0311,50,136,51,210,35,210,34,137,PDF417,122,247,122,269,100,269,100,248,QRCode,51,391,51,465,34,465,34,391,PDF417
Special_0312,229,102,295,102,295,168,229,168,Aztec,229,247,295,247,295,313,229,313,Aztec
Special_0313,118,211,265,211,265,358,118,358,Aztec
Special_0314,284,161,320,161,320,197,284,197,QRCode
Special_0315,311,325,311,352,217,352,217,325,Code39,329,389,329,430,223,430,223,390,PDF417
Special_0316,310,311,310,338,218,338,218,311,Code39,330,376,329,416,222,416,223,376,PDF417
Special_0317,32,86,60,86,60,213,32,213,PDF417,120,254,120,276,99,276,99,254,QRCode,32,359,60,359,60,486,32,486,PDF417
Special_0318,234,133,377,134,378,141,234,140,JapanPost
Special_0319,207,54,211,233,202,234,198,55,JapanPost,359,181,395,179,396,215,359,216,QRCode
Special_0320,42,241,228,242,228,252,41,251,JapanPost
Special_0321,245,32,257,32,254,247,242,246,JapanPost
Special_0322,221,52,230,51,233,245,224,245,JapanPost
Special_0323,354,71,388,72,380,221,347,218,PDF417
Special_0324,149,112,150,178,81,178,81,111,Aztec
Special_0325,354,83,416,78,433,184,369,189,PDF417
Special_0326,87,127,140,127,140,184,88,182,Aztec
Special_0327,33,242,251,248,251,305,28,299,UCC128,18,341,189,346,189,422,14,412,UCC128
Special_0329,130,146,152,147,144,348,124,347,Code128,344,258,364,259,359,352,340,351,Code128,252,311,251,349,231,350,232,311,2-Digit,185,149,206,150,199,348,178,349,Code128
Special_0330,416,79,416,116,314,118,314,82,Code128
Special_0331,39,80,402,81,402,106,39,106,Code128,256,22,256,49,40,49,40,23,Code39
Special_0332,255,201,255,212,45,218,44,207,JapanPost
Special_0333,141,79,139,286,118,285,120,79,Code128,179,79,179,270,158,270,159,79,Code128,101,81,100,301,77,302,80,80,Code128
[P]ISBN_18_0001,129,56,358,37,363,125,137,145,EAN13
[P]ISBN_18_0002,95,163,375,153,376,244,103,256,EAN13
[P]ISBN_18_0003,135,287,414,279,417,353,130,357,EAN13
[P]ISBN_18_0004,100,365,227,365,227,413,100,413,EAN13
[P]ISBN_18_0005,102,105,404,98,405,210,104,217,EAN13
[P]ISBN_18_0006,49,112,395,89,402,181,54,204,EAN13
[P]ISBN_18_0007,69,63,430,75,426,200,69,186,EAN13
[P]ISBN_18_0008,86,130,434,131,435,265,92,264,EAN13
[P]ISBN_18_0009,223,145,284,149,278,242,219,238,EAN13
[P]ISBN_18_0010,232,221,300,222,297,319,230,318,EAN13,155,88,207,88,207,142,155,142,QRCode
[P]ISBN_18_0011,189,157,263,160,260,262,185,260,EAN13
[P]ISBN_18_0012,168,178,293,182,290,271,165,267,EAN13
[P]ISBN_18_0013,136,299,236,303,234,378,132,373,EAN13
[P]ISBN_18_0014,107,116,290,115,291,246,107,246,EAN13
[P]ISBN_18_0015,168,141,276,140,273,198,169,198,EAN13
[P]ISBN_18_0016,184,149,421,146,421,313,188,314,EAN13
[P]ISBN_18_0017,80,102,361,84,371,303,77,304,EAN13
[P]ISBN_18_0019,84,216,331,209,339,371,78,373,EAN13
[P]ISBN_18_0020,50,208,269,199,277,341,46,347,EAN13
[P]ISBN_18_0021,228,78,350,78,350,251,228,251,EAN13
[P]ISBN_18_0022,304,156,421,161,410,331,296,326,EAN13
[P]ISBN_18_0023,141,113,272,108,272,300,134,300,EAN13
[P]ISBN_18_0024,91,237,239,240,238,287,91,284,EAN13
[P]ISBN_18_0025,274,91,376,83,380,232,279,235,EAN13
[P]ISBN_18_0026,256,115,326,111,333,272,261,275,EAN13
[P]ISBN_18_0029,244,92,317,97,304,294,232,292,EAN13
[P]ISBN_18_0030,313,91,371,86,380,292,320,294,EAN13
[P]ISBN_18_0032,191,60,277,54,289,246,205,251,EAN13
[P]ISBN_18_0033,222,96,308,95,314,289,229,292,EAN13
[P]ISBN_18_0036,300,114,356,109,366,275,308,277,EAN13
[P]ISBN_18_0037,340,104,397,105,390,223,336,222,EAN13
[P]ISBN_18_0038,271,152,337,144,349,285,288,294,EAN13
[P]ISBN_18_0041,311,56,369,52,370,246,315,247,EAN13
[P]ISBN_18_0042,324,106,411,102,411,250,325,250,EAN13
[P]ISBN_18_0043,272,146,328,143,330,297,278,300,EAN13
[P]ISBN_18_0044,258,136,330,139,321,304,248,301,EAN13
[P]ISBN_18_0045,355,76,400,78,382,222,343,221,EAN13
[P]ISBN_18_0046,324,147,409,146,408,293,325,297,EAN13
[P]ISBN_18_0047,310,136,399,136,399,275,310,275,EAN13
[P]ISBN_18_0048,264,127,343,128,343,274,265,275,EAN13
[P]ISBN_18_0049,260,119,334,119,335,282,261,282,EAN13
[P]ISBN_18_0050,290,129,373,130,371,274,289,273,EAN13
[P]ISBN_18_0051,110,271,317,264,324,343,108,348,EAN13
[P]ISBN_18_0052,58,247,291,237,300,328,60,343,EAN13
[P]ISBN_18_0053,10,290,306,281,314,379,10,388,EAN13
[P]ISBN_18_0054,34,239,325,218,339,325,29,342,EAN13
[P]ISBN_18_0055,63,240,311,228,325,329,61,340,EAN13
[P]ISBN_18_0056,52,221,279,230,281,309,43,299,EAN13
[P]ISBN_18_0057,58,240,316,217,328,313,55,327,EAN13
[P]ISBN_18_0059,77,255,311,256,317,345,74,348,EAN13
[P]ISBN_18_0060,83,160,341,160,343,253,85,256,EAN13
[P]ISBN_18_0061,52,256,229,268,225,374,37,360,EAN13
[P]ISBN_18_0062,62,242,228,238,232,360,53,362,EAN13
[P]ISBN_18_0063,103,254,267,252,269,308,99,309,EAN13
[P]ISBN_18_0064,106,332,250,335,250,387,102,385,EAN13
[P]ISBN_18_0065,99,330,255,317,265,396,104,412,EAN13
[P]ISBN_18_0066,106,323,248,324,248,376,104,373,EAN13
[P]ISBN_18_0067,102,308,287,298,303,393,102,403,EAN13
[P]ISBN_18_0068,41,290,293,288,301,390,38,390,EAN13
[P]ISBN_18_0069,99,342,244,349,242,399,94,392,EAN13
[P]ISBN_18_0070,114,314,245,317,247,360,110,357,EAN13
[P]ISBN_18_0071,65,237,302,239,304,417,51,412,EAN13
[P]ISBN_18_0072,86,265,288,280,290,387,73,380,EAN13
[P]ISBN_18_0074,103,244,271,252,274,308,99,300,EAN13
[P]ISBN_18_0075,68,361,275,364,275,422,67,414,EAN13
[P]ISBN_18_0076,97,287,237,294,235,350,90,344,EAN13
[P]ISBN_18_0077,62,181,288,171,290,208,62,219,EAN13,109,332,274,328,277,398,110,406,EAN13
[P]ISBN_18_0078,93,333,246,334,246,402,89,401,EAN13
[P]ISBN_18_0079,62,300,253,330,244,399,50,369,EAN13
[P]ISBN_18_0080,39,337,223,323,226,373,42,387,EAN13
[P]ISBN_18_0081,65,200,315,185,325,270,71,291,EAN13
[P]ISBN_18_0082,129,236,259,226,263,268,133,277,EAN13
[P]ISBN_18_0083,118,320,309,318,310,370,118,371,EAN13
[P]ISBN_18_0084,121,365,245,365,244,408,120,408,EAN13
[P]ISBN_18_0085,89,297,217,295,219,389,89,390,EAN13
[P]ISBN_18_0086,113,345,214,343,215,379,113,383,EAN13
[P]ISBN_18_0087,97,233,215,233,216,317,95,316,EAN13
[P]ISBN_18_0088,106,178,244,178,244,274,106,274,EAN13
[P]ISBN_18_0089,152,245,263,244,266,323,151,323,EAN13
[P]ISBN_18_0090,104,339,256,348,254,426,97,418,EAN13
[P]ISBN_18_0091,107,325,248,326,247,398,105,397,EAN13
[P]ISBN_18_0092,99,313,278,313,279,383,96,383,EAN13
[P]ISBN_18_0094,151,351,302,358,298,439,151,429,EAN13
[P]ISBN_18_0095,204,125,301,128,302,282,202,285,EAN13
[P]ISBN_18_0096,245,128,330,127,331,242,249,244,EAN13
[P]ISBN_18_0097,276,158,373,159,371,292,275,288,EAN13
[P]ISBN_18_0098,204,59,268,57,279,250,215,253,EAN13
[P]ISBN_18_0099,247,116,357,114,369,328,252,331,EAN13
[S]ISBN_02_0001,38,125,62,125,62,188,38,188,EAN13
[S]ISBN_02_0002,55,250,136,250,136,307,55,307,EAN13,430,18,449,20,445,80,425,78,EAN13
[S]ISBN_02_0003,65,124,89,124,89,184,64,184,EAN13
[S]ISBN_02_0004,236,306,289,305,289,332,236,333,EAN13
[S]ISBN_02_0005,146,448,204,447,205,466,146,467,EAN13
[S]ISBN_02_0006,99,101,117,101,116,153,99,153,EAN13
[S]ISBN_02_0007,207,453,256,456,256,464,206,461,EAN8,52,424,128,424,128,444,52,443,EAN13
[S]ISBN_02_0008,34,418,103,419,103,469,34,469,EAN13
[S]ISBN_02_0009,63,432,162,433,162,456,64,456,EAN13,236,362,291,362,291,380,236,380,Code128
[S]ISBN_02_0010,214,356,279,357,279,398,214,398,EAN13
[S]ISBN_02_0011,215,364,280,364,280,407,215,407,EAN13
[S]ISBN_02_0012,84,389,146,389,146,434,84,434,EAN13
[S]ISBN_02_0013,67,355,131,355,130,398,67,397,EAN13
[S]ISBN_02_0014,140,420,190,420,189,436,140,436,EAN13
[S]ISBN_02_0015,45,402,109,402,109,447,45,448,EAN13
[S]ISBN_02_0016,233,441,306,442,306,473,233,473,EAN13
[S]ISBN_02_0017,49,426,116,425,116,453,49,454,EAN13
[S]ISBN_02_0018,53,93,77,93,76,154,52,153,EAN13
[S]ISBN_02_0019,52,150,73,150,72,211,51,211,EAN13
[S]ISBN_02_0020,53,424,124,424,124,458,53,458,EAN13,224,430,257,430,257,464,224,464,QRCode
[S]ISBN_02_0021,211,396,289,390,291,415,213,421,EAN13
[S]ISBN_02_0022,46,419,116,419,116,452,46,452,EAN13,228,425,262,425,262,459,228,459,QRCode
[S]ISBN_02_0023,47,41,86,41,86,95,47,96,EAN13
[S]ISBN_02_0024,274,377,315,377,315,466,272,466,EAN13
[S]ISBN_02_0025,220,442,277,441,277,458,221,460,EAN13
[S]ISBN_02_0026,169,434,219,434,220,458,169,458,EAN13
[S]ISBN_02_0027,242,98,313,99,313,134,242,133,EAN13
[S]ISBN_02_0028,244,428,307,428,308,458,244,458,EAN13
[S]ISBN_02_0029,205,84,279,83,279,123,205,123,EAN13
[S]ISBN_02_0030,37,433,105,433,105,459,37,459,EAN13
[S]ISBN_02_0031,33,438,102,438,102,464,33,464,EAN13
[S]ISBN_02_0032,84,44,102,44,102,103,84,103,EAN13
[S]ISBN_02_0033,48,430,124,429,124,455,47,456,EAN13
[S]ISBN_02_0034,249,437,311,437,311,474,249,474,EAN13
[S]ISBN_02_0035,395,375,446,375,446,408,395,408,EAN13
[S]ISBN_02_0036,143,427,211,427,211,475,143,475,EAN13
[S]ISBN_02_0037,224,443,289,443,289,463,224,463,EAN13,73,420,155,426,154,444,72,438,Code128
[S]ISBN_02_0038,250,409,322,409,323,461,251,461,EAN13,42,461,134,460,134,476,42,476,Code128
[S]ISBN_02_0039,213,338,303,341,302,360,213,356,Code128,75,431,161,431,161,455,76,456,EAN13,190,430,276,430,276,454,191,455,EAN13
[S]ISBN_02_0040,73,404,142,408,140,432,70,427,EAN13
[S]ISBN_02_0041,244,30,306,29,306,54,244,55,EAN13
[S]ISBN_02_0042,37,446,119,445,119,481,37,481,EAN13
[S]ISBN_02_0043,176,434,233,434,233,452,176,452,EAN13
[S]ISBN_02_0044,184,435,241,437,240,456,183,453,EAN13
[S]ISBN_02_0045,212,459,291,460,291,505,212,505,EAN13
[S]ISBN_02_0046,172,436,229,436,229,454,172,454,EAN13
[S]ISBN_02_0047,140,458,200,458,200,477,140,477,EAN13
[S]ISBN_02_0048,173,444,231,440,232,459,174,463,EAN13
[S]ISBN_02_0049,218,423,283,422,283,443,218,444,EAN13
[S]ISBN_02_0050,62,451,121,441,124,460,65,470,EAN13
[S]ISBN_02_0051,43,343,54,343,54,376,43,376,EAN13
[S]ISBN_02_0052,25,263,75,263,75,284,25,284,EAN13
[S]ISBN_02_0053,317,447,374,447,374,482,317,482,EAN13
[S]ISBN_02_0054,65,411,111,411,111,426,65,426,EAN13
[S]ISBN_02_0055,30,437,50,437,50,487,29,487,EAN13
[S]ISBN_02_0056,34,472,91,472,91,493,34,493,EAN13
[S]ISBN_02_0057,190,448,247,448,247,484,190,484,EAN13
[S]ISBN_02_0058,35,62,46,62,46,95,34,95,EAN13,32,108,48,108,48,125,32,125,QRCode
[S]ISBN_02_0059,94,472,145,472,145,487,94,487,EAN13
[S]ISBN_02_0060,205,470,271,470,271,481,205,481,Code128,22,435,75,435,75,473,22,473,EAN13
[S]ISBN_02_0061,263,459,320,458,320,478,263,479,EAN13
[S]ISBN_02_0062,272,451,329,451,329,471,272,471,EAN13
[S]ISBN_02_0063,31,435,88,435,88,476,31,476,EAN13,120,472,185,472,185,484,120,484,Code128
[S]ISBN_02_0064,45,469,103,468,104,495,45,495,EAN13,57,430,124,430,124,442,57,442,Code128,112,463,150,463,150,501,112,500,QRCode
[S]ISBN_02_0065,41,461,99,461,99,488,41,488,EAN13,39,423,106,424,106,435,39,434,Code128,108,457,145,456,145,493,108,493,QRCode
[S]ISBN_02_0066,41,467,100,467,100,493,41,493,EAN13,116,484,183,483,183,496,116,496,Code128
[S]ISBN_02_0067,29,335,40,335,40,367,29,367,EAN13
[S]ISBN_02_0068,35,438,93,438,93,480,35,480,EAN13
[S]ISBN_02_0069,27,457,78,457,78,481,27,482,EAN13
[S]ISBN_02_0070,93,475,144,475,144,491,93,490,EAN13
[S]ISBN_02_0071,97,476,148,476,148,491,97,492,EAN13
[S]ISBN_02_0072,97,474,147,474,147,490,97,490,EAN13
[S]ISBN_02_0073,67,443,129,444,129,470,67,470,EAN13
[S]ISBN_02_0074,36,83,51,83,51,124,36,124,EAN13,34,134,53,134,53,154,34,154,QRCode
[S]ISBN_02_0075,40,452,114,448,115,473,41,476,EAN13
[S]ISBN_02_0076,27,135,44,135,44,183,27,183,EAN13,52,356,82,356,82,386,52,386,QRCode
[S]ISBN_02_0077,185,393,255,393,255,444,185,444,EAN13
[S]ISBN_02_0078,126,460,189,459,189,478,126,479,EAN13
[S]ISBN_02_0079,40,454,100,454,100,472,40,472,EAN13
[S]ISBN_02_0080,36,428,107,429,108,481,36,480,EAN13
[S]ISBN_02_0081,61,376,122,372,123,393,62,396,EAN13
[S]ISBN_02_0082,165,449,223,446,224,464,166,467,EAN13
[S]ISBN_02_0083,177,407,267,411,267,425,176,421,EAN13
[S]ISBN_02_0084,241,442,314,442,314,487,241,487,EAN13
[S]ISBN_02_0086,40,369,57,369,57,419,40,419,EAN13
[S]ISBN_02_0087,136,379,218,379,218,418,136,418,EAN13
[S]ISBN_02_0088,222,440,281,442,280,462,221,459,EAN13
[S]ISBN_02_0089,40,31,106,31,106,53,40,54,EAN13
[S]ISBN_02_0090,50,19,126,19,126,48,49,48,EAN13
[S]ISBN_02_0091,177,362,249,362,249,408,177,408,EAN13
[S]ISBN_02_0092,28,448,91,448,91,468,29,468,EAN13
[S]ISBN_02_0093,225,431,289,431,289,476,225,476,EAN13
[S]ISBN_02_0094,68,433,118,433,118,469,68,469,EAN13,59,41,147,39,147,62,59,64,Code128
[S]ISBN_02_0095,129,428,200,428,201,462,129,462,EAN13
[S]ISBN_02_0096,49,442,106,437,108,455,51,460,EAN13
[S]ISBN_02_0097,59,109,77,109,77,160,60,160,EAN13,59,50,84,50,84,75,59,75,QRCode
[S]ISBN_02_0098,128,418,207,418,207,441,128,441,EAN13
[S]ISBN_02_0099,260,428,325,428,325,475,260,475,EAN13
[S]ISBN_02_0100,223,434,282,432,283,453,223,456,EAN13
